BeginGraphicBSplineSurface
Name:
p:2
q:2
knotx:0.5,1.0,1.5,2.0,3.0,4.0,5.0,6.0,7.0,7.5,8.0,8.5,
knoty:1.0,1.25,1.5,1.75,2.0,2.5,3.0,3.5,4.0,4.5,5.0,5.5,6.0,6.5,7.0,7.5,8.0,8.25,8.5,8.75,9.0,
Px[0]:-43.567167633386916,-53.232653649847194,-55.30382922480297,-66.94186340788778,-81.61255922008617,-118.5798972867592,-154.56419520975197,-193.56709362696256,-217.5508845381295,-215.60963190107748,-192.8253069582305,-156.35739684355696,-119.22595408775835,-87.87138565459199,-68.03746895669128,-54.058193615284736,-51.132298776385696,-44.95540967204326,
Px[1]:-53.42884988132109,-57.17312026715117,-60.423943263057005,-67.47483487249022,-86.47255661519469,-120.49146879300214,-153.15422083209484,-180.0424371995986,-196.5147672481247,-200.9622987541198,-185.3920463113511,-154.0618372960867,-119.25049394579294,-90.450985053494,-68.25914027139564,-59.16053710194701,-55.90994672043429,-50.27113142752871,
Px[2]:-53.72409473762308,-56.38217869290629,-59.93979471953534,-65.07202015101947,-85.75121421789513,-121.57576308824885,-150.25472974849276,-169.83423266248377,-182.6982632531382,-182.98517691202727,-172.31652769570053,-150.6923156041576,-117.62274771279375,-84.72745033529655,-63.980760036736704,-59.05739558314709,-55.58885709281303,-50.706097298845535,
Px[3]:-42.48201222626944,-45.51774158633962,-48.085126354665185,-52.572147939405774,-62.248738324175775,-78.58559277596214,-93.12390318847793,-105.86366956172151,-112.21059738724497,-112.16468666504757,-105.96459878551968,-93.61033374866292,-79.03629335819005,-62.24247761409855,-51.714657569016886,-47.90447079626177,-45.40935967917901,-42.90600509057688,
Px[4]:-11.137450890140807,-11.137698031359907,-11.3675230153888,-11.59951328100898,-11.437512041385915,-11.40868285891211,-11.353390463609545,-11.271634855478178,-11.265245350679441,-11.334221949213283,-11.375668246352651,-11.389584242097497,-11.427348291151038,-11.488960393513224,-11.367886770310722,-11.8950468396185,-11.787090647184003,-11.374517945184039,
Px[5]:18.993330569428625,20.00832568695572,20.92715382956634,22.484038596893274,33.97238633259605,53.17957380684311,66.36755200835341,73.53632093712804,77.12505508732013,77.13375445892756,73.43065257571197,66.01574943767582,52.767591239840385,33.68617798220578,24.59613808284944,21.11273041349044,18.563423937853315,16.94571040813132,
Px[6]:27.041785228880762,29.176593294181544,31.814997765163852,35.482857869662865,48.33824426415661,78.5009832478513,109.27562004407878,127.7447806515705,137.02313649651472,137.11068757891127,127.84369262895326,109.22215164664047,77.91010006576938,52.70260461001585,34.66627411364547,30.937005589616167,27.774098656049542,23.799528041742096,
Px[7]:27.262996593438725,29.21701768734179,32.203409390133196,38.40743712178115,50.237949259280256,79.92811910074244,114.20430661458408,140.61797642832502,154.20840667899208,154.00757760757512,139.91575463031612,116.47137632734288,81.66318659488518,56.23916375235009,36.31622549121576,32.79618334217607,29.11709315790425,23.911249764620297,
Px[8]:21.264810420434834,27.187288712665,28.485959907329363,38.662090403860944,50.06286111640401,80.62688331110377,114.83028745220037,146.46682801091617,161.49839377380292,159.64803949817923,146.47041888494454,116.62731611272464,78.88917954077411,52.532041859811734,39.88025732430797,26.95928588379347,25.276867727476482,20.43150343728355,
Py[0]:84.57873826650044,102.5289265827838,101.24677027447785,95.03324354961053,100.84077350857379,112.86690080002407,108.23249939812118,84.72605156197697,28.585076757620353,-41.18377506279598,-90.96313135507509,-116.30523838391612,-117.96105707402083,-107.27727820049749,-98.4645515923627,-105.72510545185293,-105.83347192736768,-93.15459429213851,
Py[1]:79.05513150053031,78.1668853857437,78.06783709414475,79.15963987123101,83.4285309470306,94.79240627774129,91.98501895962102,69.8353506222837,31.786588256674055,-38.68482019420154,-81.74372697976978,-99.14939865491665,-103.32675985695191,-95.54211060641082,-84.81082461965272,-85.89379725564913,-86.97696450835399,-88.38579850616038,
Py[2]:69.49182748081445,69.0978941365636,69.06523959145115,69.96083151796428,73.74667617508382,81.79393292556887,77.06174777949732,58.467122842314964,24.809980802228274,-27.158672024424774,-63.77629942266977,-85.04290139250702,-91.28414454141671,-82.7971298827703,-78.34642370386031,-78.31465675069347,-78.52985288726384,-78.7438284623578,
Py[3]:58.748114658133524,57.46793717793746,56.18770387410022,55.018888962374234,51.30918944804926,45.16859037876404,35.31988548519845,22.805168002009957,5.785417496445583,-14.560930810243152,-31.272932229276186,-43.29162082142382,-52.43140972155221,-57.57323312747484,-61.05152680433407,-62.07311628250309,-63.80206939519759,-65.74367478191003,
Py[4]:51.25745230156099,49.19149963850625,46.63004338965609,43.84616020221394,39.09120152029941,29.916286161580043,20.422067704108027,10.608546147883152,1.0826423109114982,-8.155643806807145,-17.624149684983635,-27.32287532361817,-36.180014926262004,-44.195568492915335,-49.03550926676853,-51.80004641180257,-54.48489035738464,-57.14771457275009,
Py[5]:54.690458758637234,51.2685182700487,49.71801545660188,47.25723779077385,43.970334897296254,39.80311491171984,31.198191323272773,18.664406602767635,4.039099601095295,-12.248653912102013,-27.098756008076258,-39.43188921688013,-48.21314963108789,-51.249129197627,-53.20840782195877,-54.8347588952844,-57.384899915752555,-59.70117778493426,
Py[6]:62.82356640665471,62.40884248777838,61.85226859725789,60.9894357420649,62.95059884086371,69.14970437325161,61.69730837685955,41.193190432617854,13.74508726547203,-20.6470011245782,-46.7804833086174,-64.65535928664583,-70.45703201315445,-67.85798702291272,-66.82007289225267,-66.91734561725147,-67.58729445596074,-69.19711077749729,
Py[7]:69.41065618693777,69.07732800565137,68.71423408976942,66.91597611216655,68.8966613773865,77.50741500877713,72.8754977771769,54.68476861101531,22.19089446411862,-29.411278301155352,-61.26439236071514,-78.2674862723176,-81.97918113175062,-75.04506706978275,-73.70845524846065,-74.6329967843836,-75.45545805037081,-75.02225779159365,
Py[8]:76.14669907822508,86.51103608962786,87.43842980584908,81.03274366931497,79.10793822434016,89.768857697265,85.697023870944,61.265371970318405,22.388062124383396,-32.37593789222778,-68.73774384454342,-92.57722716859199,-98.00943264826712,-88.71097924022231,-84.00020840253475,-94.56579442420546,-93.69093698292063,-80.70266881615345,
Pz[0]:2.4601846436120334,2.4601846436120334,2.4601846436114583,2.4601846436114583,2.4601846436114583,2.4601846436114583,2.4601846436114583,2.4601846436114583,2.4601846436114583,2.4601846436114583,2.4601846436114583,2.460184643612609,2.4601846436120334,2.4601846436114583,2.4601846436114583,2.4601846436114583,2.4601846436114583,2.4601846436114583,
Pz[1]:2.0501538696768864,1.2300923218060167,0.6833846232256288,0.2733538492901473,4.0099012522365846E-13,9.965573801807833E-14,5.917932878362815E-16,0.0,0.0,-5.917932878362815E-16,0.0,0.0,5.75353152418992E-13,-4.0099012522365846E-13,0.2733538492899063,0.6833846232244781,1.2300923218054414,2.050153869676311,
Pz[2]:1.8451384827087376,0.615046160903296,0.0,0.0,0.0,0.0,0.0,0.0,0.0,0.0,0.0,0.0,-8.019802504473169E-13,0.0,0.0,0.0,0.615046160903296,1.845138482709313,
Pz[3]:1.8451384827087376,0.6150461609027207,0.15426785070637877,0.6170714028264086,2.463942426525637,7.002162285472764,10.184090042923117,12.12194318372542,13.055504689525238,13.03990099832975,11.6108993290145,9.632748965589599,6.03405886841324,1.857115008458809,0.44285709451092664,0.11071427362790814,0.6150461609027207,1.8451384827087376,
Pz[4]:1.8451384827087376,0.6150461609027207,0.0,0.0,2.3374652621087466,7.012395786326241,10.604377250512135,13.113409654666436,14.432619384513902,14.562006440054535,13.267947340450265,10.550442085701087,6.89376709374497,2.2979223645819244,5.75353152418992E-13,5.75353152418992E-13,0.6150461609038714,1.845138482709313,
Pz[5]:1.8451384827087376,0.6150461609027207,0.2160934611125018,0.8643738444505825,2.176346793232638,7.157404999670462,9.956883217932955,11.015268829331717,11.39557099983648,11.187895683138164,10.523561650478882,9.022786913707478,6.349500170668989,1.4686558384622883,0.5637713678441792,0.14094284196118867,0.6150461609027207,1.8451384827087376,
Pz[6]:1.845138482709313,0.6150461609031321,0.0,0.0,0.08311505301755898,0.2493451590538799,0.24934515905397386,0.0831150530179913,0.0,0.0,0.10816863610178065,0.32450590830534193,0.3245059083061188,0.10816863610178065,-1.336633750745528E-13,-5.75353152418992E-13,0.6150461609027207,1.845138482709313,
Pz[7]:2.050153869676311,1.2300923218060167,0.6833846232257025,0.2733538492902803,0.0,5.75353152418992E-13,0.0,0.0,-5.006458632417367E-13,-7.023245124292387E-13,-5.75353152418992E-13,0.0,5.75353152418992E-13,4.0099012522365846E-13,0.2733538492904817,0.6833846232254882,1.2300923218060167,2.050153869676311,
Pz[8]:2.4601846436120334,2.4601846436114583,2.4601846436114583,2.4601846436114583,2.4601846436114583,2.4601846436114583,2.4601846436120334,2.4601846436120334,2.4601846436120334,2.4601846436120334,2.4601846436120334,2.4601846436114583,2.4601846436114583,2.4601846436120334,2.4601846436114583,2.4601846436120334,2.4601846436120334,2.4601846436114583,
Ph[3][0]:3.499999999999998,3.4999999999999973,3.5,3.499999999999997,3.500000000000001,3.499999999999996,3.499999999999999,3.499999999999996,3.5,3.4999999999999964,3.5,3.4999999999999964,3.5000000000000004,3.499999999999998,3.500000000000001,3.4999999999999973,3.499999999999998,3.499999999999995,
Ph[3][1]:3.499999999999999,3.499999999999999,3.5000000000000013,3.499999999999999,3.5000000000000027,3.4999999999999973,3.5000000000000004,3.499999999999998,3.5000000000000018,3.4999999999999982,3.5000000000000018,3.4999999999999982,3.500000000000002,3.4999999999999996,3.5000000000000018,3.499999999999999,3.499999999999999,3.4999999999999964,
Ph[3][2]:3.5000000000000004,3.500000000000001,3.5000000000000036,3.500000000000001,3.5000000000000044,3.4999999999999987,3.5000000000000018,3.4999999999999996,3.5000000000000036,3.5,3.5000000000000036,3.5,3.500000000000004,3.5000000000000013,3.5000000000000036,3.5,3.500000000000001,3.4999999999999973,
Ph[3][3]:3.499999999999998,3.4999999999999973,3.5,3.499999999999997,3.500000000000001,3.499999999999996,3.499999999999999,3.499999999999996,3.5,3.4999999999999964,3.5,3.4999999999999964,3.5000000000000004,3.499999999999998,3.500000000000001,3.4999999999999973,3.499999999999998,3.499999999999995,
Ph[3][4]:3.499999999999999,3.499999999999999,3.5000000000000013,3.499999999999999,3.5000000000000027,3.4999999999999973,3.5000000000000004,3.499999999999998,3.5000000000000018,3.4999999999999982,3.5000000000000018,3.4999999999999982,3.500000000000002,3.4999999999999996,3.5000000000000018,3.499999999999999,3.499999999999999,3.4999999999999964,
Ph[3][5]:3.499999999999999,3.499999999999999,3.5000000000000013,3.499999999999999,3.5000000000000027,3.4999999999999973,3.5000000000000004,3.499999999999998,3.5000000000000018,3.4999999999999982,3.5000000000000018,3.4999999999999982,3.500000000000002,3.4999999999999996,3.5000000000000018,3.499999999999999,3.499999999999999,3.4999999999999964,
Ph[3][6]:3.5000000000000004,3.500000000000001,3.5000000000000036,3.500000000000001,3.5000000000000044,3.4999999999999987,3.5000000000000018,3.4999999999999996,3.5000000000000036,3.5,3.5000000000000036,3.5,3.500000000000004,3.5000000000000013,3.5000000000000036,3.5,3.500000000000001,3.4999999999999973,
Ph[3][7]:3.4999999999999982,3.4999999999999982,3.500000000000001,3.4999999999999982,3.5000000000000018,3.4999999999999964,3.5,3.4999999999999964,3.500000000000001,3.4999999999999973,3.500000000000001,3.4999999999999973,3.500000000000001,3.499999999999999,3.5000000000000013,3.4999999999999982,3.4999999999999982,3.499999999999995,
Ph[3][8]:3.499999999999996,3.4999999999999956,3.4999999999999982,3.4999999999999956,3.499999999999999,3.4999999999999942,3.4999999999999973,3.4999999999999942,3.4999999999999982,3.4999999999999947,3.4999999999999982,3.4999999999999947,3.4999999999999987,3.499999999999996,3.4999999999999987,3.4999999999999956,3.499999999999996,3.4999999999999933,
Ph[4][0]:3.499999999999998,3.4999999999999973,3.5,3.499999999999997,3.500000000000001,3.499999999999996,3.499999999999999,3.499999999999996,3.5,3.4999999999999964,3.5,3.4999999999999964,3.5000000000000004,3.499999999999998,3.500000000000001,3.4999999999999973,3.499999999999998,3.499999999999995,
Ph[4][1]:3.499999999999999,3.499999999999999,3.5000000000000013,3.499999999999999,3.5000000000000027,3.4999999999999973,3.5000000000000004,3.499999999999998,3.5000000000000018,3.4999999999999982,3.5000000000000018,3.4999999999999982,3.500000000000002,3.4999999999999996,3.5000000000000018,3.499999999999999,3.499999999999999,3.4999999999999964,
Ph[4][2]:3.5000000000000004,3.500000000000001,3.5000000000000036,3.500000000000001,3.5000000000000044,3.4999999999999987,3.5000000000000018,3.4999999999999996,3.5000000000000036,3.5,3.5000000000000036,3.5,3.500000000000004,3.5000000000000013,3.5000000000000036,3.5,3.500000000000001,3.4999999999999973,
Ph[4][3]:3.499999999999998,3.4999999999999973,3.5,3.499999999999997,3.500000000000001,3.499999999999996,3.874999999999999,4.6249999999999964,5.0,4.9999999999999964,4.625,3.8749999999999964,3.5000000000000004,3.499999999999998,3.500000000000001,3.4999999999999973,3.499999999999998,3.499999999999995,
Ph[4][4]:3.499999999999999,3.499999999999999,3.5000000000000013,3.499999999999999,3.5000000000000027,3.4999999999999973,3.8750000000000004,4.624999999999998,5.000000000000002,4.999999999999998,4.625000000000002,3.8749999999999982,3.500000000000002,3.4999999999999996,3.5000000000000018,3.499999999999999,3.499999999999999,3.4999999999999964,
Ph[4][5]:3.499999999999999,3.499999999999999,3.5000000000000013,3.499999999999999,3.5000000000000027,3.4999999999999973,3.8750000000000004,4.624999999999998,5.000000000000002,4.999999999999998,4.625000000000002,3.8749999999999982,3.500000000000002,3.4999999999999996,3.5000000000000018,3.499999999999999,3.499999999999999,3.4999999999999964,
Ph[4][6]:3.5000000000000004,3.500000000000001,3.5000000000000036,3.500000000000001,3.5000000000000044,3.4999999999999987,3.5000000000000018,3.4999999999999996,3.5000000000000036,3.5,3.5000000000000036,3.5,3.500000000000004,3.5000000000000013,3.5000000000000036,3.5,3.500000000000001,3.4999999999999973,
Ph[4][7]:3.4999999999999982,3.4999999999999982,3.500000000000001,3.4999999999999982,3.5000000000000018,3.4999999999999964,3.5,3.4999999999999964,3.500000000000001,3.4999999999999973,3.500000000000001,3.4999999999999973,3.500000000000001,3.499999999999999,3.5000000000000013,3.4999999999999982,3.4999999999999982,3.499999999999995,
Ph[4][8]:3.499999999999996,3.4999999999999956,3.4999999999999982,3.4999999999999956,3.499999999999999,3.4999999999999942,3.4999999999999973,3.4999999999999942,3.4999999999999982,3.4999999999999947,3.4999999999999982,3.4999999999999947,3.4999999999999987,3.499999999999996,3.4999999999999987,3.4999999999999956,3.499999999999996,3.4999999999999933,
Ph[5][0]:3.499999999999998,3.4999999999999973,3.5,3.499999999999997,3.312500000000001,2.9374999999999956,2.7499999999999987,2.749999999999996,2.75,2.7499999999999964,2.75,2.7499999999999964,2.9375000000000004,3.312499999999998,3.500000000000001,3.4999999999999973,3.499999999999998,3.499999999999995,
Ph[5][1]:3.499999999999999,3.499999999999999,3.5000000000000013,3.499999999999999,3.5937500000000027,3.7812499999999973,3.8750000000000004,3.874999999999998,3.8750000000000018,3.8749999999999982,3.8750000000000018,3.8749999999999982,3.781250000000002,3.5937499999999996,3.5000000000000018,3.499999999999999,3.499999999999999,3.4999999999999964,
Ph[5][2]:3.5000000000000004,3.500000000000001,3.5000000000000036,3.500000000000001,3.8750000000000044,4.624999999999999,5.000000000000002,5.0,5.0000000000000036,5.0,5.0000000000000036,5.0,4.6250000000000036,3.8750000000000013,3.5000000000000036,3.5,3.500000000000001,3.4999999999999973,
Ph[5][3]:3.499999999999998,3.4999999999999973,3.5,3.499999999999997,3.500000000000001,3.499999999999995,3.4999999999999982,3.4999999999999956,3.4999999999999996,3.499999999999996,3.4999999999999996,3.499999999999996,3.5,3.499999999999998,3.500000000000001,3.4999999999999973,3.499999999999998,3.499999999999995,
Ph[5][4]:3.499999999999999,3.499999999999999,3.5000000000000013,3.499999999999999,3.5000000000000027,3.4999999999999973,3.5000000000000004,3.499999999999998,3.5000000000000018,3.4999999999999982,3.5000000000000018,3.4999999999999982,3.500000000000002,3.4999999999999996,3.5000000000000018,3.499999999999999,3.499999999999999,3.4999999999999964,
Ph[5][5]:3.499999999999999,3.499999999999999,3.5000000000000013,3.499999999999999,3.5000000000000027,3.4999999999999973,3.5000000000000004,3.499999999999998,3.5000000000000018,3.4999999999999982,3.5000000000000018,3.4999999999999982,3.500000000000002,3.4999999999999996,3.5000000000000018,3.499999999999999,3.499999999999999,3.4999999999999964,
Ph[5][6]:3.5000000000000004,3.500000000000001,3.5000000000000036,3.500000000000001,3.8750000000000044,4.624999999999999,5.000000000000002,5.0,5.0000000000000036,5.0,5.0000000000000036,5.0,4.6250000000000036,3.8750000000000013,3.5000000000000036,3.5,3.500000000000001,3.4999999999999973,
Ph[5][7]:3.4999999999999982,3.4999999999999982,3.500000000000001,3.4999999999999982,3.5937500000000018,3.7812499999999964,3.875,3.8749999999999964,3.875000000000001,3.8749999999999973,3.875000000000001,3.8749999999999973,3.781250000000001,3.593749999999999,3.5000000000000013,3.4999999999999982,3.4999999999999982,3.499999999999995,
Ph[5][8]:3.499999999999996,3.4999999999999956,3.4999999999999982,3.4999999999999956,3.312499999999999,2.937499999999994,2.749999999999997,2.7499999999999942,2.7499999999999982,2.7499999999999947,2.7499999999999982,2.7499999999999947,2.9374999999999987,3.312499999999996,3.4999999999999987,3.4999999999999956,3.499999999999996,3.4999999999999933,
End
BeginGraphicBSplineCurve:59
Name:curve purfling
p:2
knot:0.0,0.0,0.0,1.0,2.0,3.0,4.0,5.0,6.0,7.0,8.0,9.0,10.0,11.0,12.0,13.0,14.0,15.0,15.0,16.0,17.0,18.0,19.0,20.0,21.0,22.0,23.0,23.0,24.0,25.0,26.0,27.0,28.0,29.0,30.0,31.0,32.0,33.0,34.0,35.0,36.0,37.0,38.0,39.0,40.0,40.0,41.0,42.0,43.0,44.0,45.0,46.0,47.0,48.0,49.0,49.0,49.0,
P[0]:-58.15990388330788,-89.32709883855297,0.8200615478760984,
P[1]:-65.10329999609783,-87.01263346762295,0.8200615478738031,
P[2]:-76.42978307878846,-89.62200354040444,0.8200615478808675,
P[3]:-90.69996135381028,-95.72305143868957,0.8200615478703602,
P[4]:-110.75479639438078,-102.92088815922065,0.8200615478715079,
P[5]:-139.51548377503582,-105.14330491136222,0.8200615478755247,
P[6]:-173.89780584784904,-92.37071121524782,0.8200615478766724,
P[7]:-196.90612813916115,-60.30277867697724,0.8200615478697865,
P[8]:-203.8238497982924,-10.550174808903034,0.8200615478720817,
P[9]:-199.24958437425988,33.08790765143471,0.8200615478709341,
P[10]:-184.4830485414753,70.1440744061408,0.8200615478709341,
P[11]:-156.39403756394418,93.14152283485623,0.8200615478703602,
P[12]:-126.99373818817746,98.10690672943018,0.8200615478720817,
P[13]:-107.43194261652407,94.44761782514853,0.8200615478703602,
P[14]:-81.89398223487615,85.56705618476875,0.8200615478709341,
P[15]:-67.18700382123059,81.90374079804405,0.8200615478703602,
P[16]:-58.89158917660225,83.73732037331514,0.8200615478709341,
P[17]:-61.2475893763011,77.59895865852316,-1.7214735333774707E-12,
P[18]:-59.426287725860206,67.1384933863749,3.4429470667549414E-12,
P[19]:-51.8479228223535,57.33888359735754,5.738245111258235E-13,
P[20]:-34.10271502870286,49.34510126253118,-5.75353152418992E-13,
P[21]:-3.63943050737183,44.79464992513069,-5.738245111258235E-13,
P[22]:20.533809737093154,48.32263633918774,0.0,
P[23]:30.085578238215575,55.4181924338953,0.0,
P[24]:34.776421556804884,65.5705699190222,-2.869122555629118E-12,
P[25]:33.46975992196896,70.66655029488238,-2.869122555629118E-12,
P[26]:39.223127549622106,68.31469093669148,-3.4429470667549414E-12,
P[27]:49.93820253569897,68.7067058752065,-1.7214735333774707E-12,
P[28]:62.35200892200754,72.23484032184157,-5.738245111258235E-13,
P[29]:80.37458587029737,77.366920355735,2.869122555629118E-12,
P[30]:104.68962228162836,76.02431806081997,-2.295298044503294E-12,
P[31]:130.82395151596222,62.95715344365305,5.738245111258235E-13,
P[32]:146.84295825104323,38.39029524593229,8.607367666887355E-12,
P[33]:151.41739578908212,16.657346498242124,5.738245111258235E-13,
P[34]:152.3321338620407,-3.7282448419755347,8.03354315576153E-12,
P[35]:150.11170164192922,-30.178210086964327,3.4429470667549414E-12,
P[36]:144.23110162835474,-49.51885013160928,4.590596089006588E-12,
P[37]:134.56078160603226,-64.67773016660126,4.590596089006588E-12,
P[38]:118.35653988585754,-77.10547052472417,0.0,
P[39]:98.36238001434165,-82.72474421410446,5.738245111258235E-13,
P[40]:75.53778981523327,-82.9867730338593,5.738245111258235E-13,
P[41]:55.41246673333139,-76.45257722804703,5.164420600132412E-12,
P[42]:38.031505889870665,-73.31616324125712,2.869122555629118E-12,
P[43]:31.61879749219981,-77.05604166273064,1.3197963755893942E-11,
P[44]:32.28141358075577,-72.27069191232718,1.2050314733642295E-11,
P[45]:29.53705134231457,-64.4296569453524,1.4919437289271413E-11,
P[46]:23.39490728485112,-56.5886219783776,1.7214735333774707E-12,
P[47]:3.4002681190654815,-50.44647792091404,1.7214735333774707E-12,
P[48]:-22.490400325137156,-52.53734748568544,1.147649022251647E-12,
P[49]:-45.491412780775626,-60.24791416115515,3.4429470667549414E-12,
P[50]:-54.77023030549346,-69.78810682741431,6.31206962238406E-12,
P[51]:-58.42948228707237,-79.45898706444416,1.0328841200264824E-11,
P[52]:-58.95223257015499,-85.8626780322071,5.164420600132412E-12,
P[53]:-58.15912197606658,-89.55090674336559,5.164420600132412E-12,
End
BeginGraphicBSplineCurve:57
Name:curve Treble f hole
p:2
knot:0.0,0.0,0.0,1.0,2.0,3.0,4.0,5.0,6.0,7.0,8.0,9.0,10.0,11.0,12.0,13.0,14.0,15.0,16.0,17.0,18.0,19.0,20.0,21.0,22.0,23.0,24.0,24.0,25.0,25.0,26.0,27.0,28.0,29.0,30.0,31.0,32.0,33.0,34.0,35.0,36.0,37.0,38.0,39.0,40.0,41.0,42.0,43.0,44.0,45.0,46.0,46.0,47.0,47.0,47.0,
P[0]:-69.41124531543367,-65.38204265963792,0.8200615478705862,
P[1]:-68.78948452778837,-63.733014764962675,0.8200615478705862,
P[2]:-66.33303391273326,-62.084164352117476,0.8200615478705862,
P[3]:-63.97213719752314,-61.63157298762523,0.8200615478705862,
P[4]:-60.90466592323864,-62.526252109291555,0.8200615478705862,
P[5]:-59.2431189830012,-65.21028947429048,0.8200615478705862,
P[6]:-59.50208220237452,-68.44401594452043,0.8200615478705862,
P[7]:-62.05948284270585,-70.79951653429931,0.8200615478705862,
P[8]:-65.72733376107583,-71.37156667753132,0.8200615478705862,
P[9]:-69.59583453371137,-70.32274159809796,0.8200615478705862,
P[10]:-72.18813537875504,-68.44401594452043,0.8200615478705862,
P[11]:-74.94743606963887,-64.57426497559798,0.8200615478705862,
P[12]:-75.99058633082666,-60.805464031951786,0.8200615478705862,
P[13]:-74.83609796061403,-55.62444174215145,0.8200615478705862,
P[14]:-71.64081538323437,-51.40666874001028,0.8200615478705862,
P[15]:-66.09753103165895,-46.86344570807698,0.8200615478705862,
P[16]:-60.175084666024034,-44.104124105906166,0.8200615478705862,
P[17]:-51.695218278864935,-42.65716277793855,0.8200615478705862,
P[18]:-36.49270703205792,-40.926141886204945,0.8200615478705862,
P[19]:-27.801538421585217,-40.28708537072902,0.8200615478705862,
P[20]:-22.561274994682545,-39.64802885525308,0.8200615478705862,
P[21]:-16.425115128332145,-38.29970490285578,0.8200615478705862,
P[22]:-11.441691625401281,-36.4527462778734,0.8200615478705862,
P[23]:-7.956574507622838,-34.132743598402406,0.8200615478705862,
P[24]:-6.374961187520725,-32.281919500410574,0.8200615478705862,
P[25]:-5.533632115544458,-30.863378010631553,0.8200615478705862,
P[26]:-7.8555838725508575,-29.16397853630078,0.8200615478705862,
P[27]:-10.149092155011402,-27.66343918790734,0.8200615478705862,
P[28]:-11.296505264720444,-28.84786562373603,0.8200615478705862,
P[29]:-13.554318158018873,-29.44007884165037,0.8200615478705862,
P[30]:-15.627064420719076,-28.736825645377092,0.8200615478705862,
P[31]:-16.774477530428115,-26.960185991634066,0.8200615478705862,
P[32]:-16.70045087818882,-24.739386424455276,0.8200615478705862,
P[33]:-14.960824550565437,-22.888720118472946,0.8200615478705862,
P[34]:-11.62962519979726,-22.40754687891755,0.8200615478705862,
P[35]:-8.002319240071909,-23.814053271464115,0.8200615478705862,
P[36]:-5.1789377737371165,-26.86689854573438,0.8200615478705862,
P[37]:-3.8938400407911544,-30.476451973000472,0.8200615478705862,
P[38]:-5.078266476619843,-34.84402445511875,0.8200615478705862,
P[39]:-8.705503846684831,-39.43722884758958,0.8200615478705862,
P[40]:-15.145859200708536,-43.064555426292586,0.8200615478705862,
P[41]:-23.45595411634886,-45.52734879763168,0.8200615478705862,
P[42]:-34.42991172626226,-46.76590907803034,0.8200615478705862,
P[43]:-46.838793780486014,-47.876419529736985,0.8200615478705862,
P[44]:-55.15315728395523,-48.978253981201725,0.8200615478705862,
P[45]:-62.167149825527744,-51.249125979991874,0.8200615478705862,
P[46]:-67.12713287526121,-53.50702871158697,0.8200615478705862,
P[47]:-70.2348910491873,-55.49663043905626,0.8200615478705862,
P[48]:-73.19755989135292,-58.17089337029157,0.8200615478705862,
P[49]:-74.62728968095261,-60.64906701641715,0.8200615478705862,
P[50]:-72.25415069667251,-63.02627954465213,0.8200615478705862,
P[51]:-69.20849030697231,-65.56713434489926,0.8200615478705862,
End
BeginGraphicBSplineCurve:54
Name:curve Bass f hole
p:2
knot:0.0,0.0,0.0,1.0,2.0,3.0,4.0,5.0,6.0,7.0,8.0,9.0,10.0,11.0,12.0,13.0,14.0,15.0,16.0,17.0,18.0,19.0,20.0,21.0,22.0,22.0,23.0,23.0,24.0,25.0,26.0,27.0,28.0,29.0,30.0,31.0,32.0,33.0,34.0,35.0,36.0,37.0,38.0,39.0,40.0,41.0,42.0,43.0,43.0,44.0,44.0,44.0,
P[0]:-70.7510710987572,56.969143032645725,0.8200615478705862,
P[1]:-70.02056945142103,55.548566735667855,0.8200615478705862,
P[2]:-67.28498426703872,54.11728889010409,0.8200615478705862,
P[3]:-64.63051565076921,54.193130850568934,0.8200615478705862,
P[4]:-61.824363113570016,55.937495941260316,0.8200615478705862,
P[5]:-60.737295013573934,58.81949043892435,0.8200615478705862,
P[6]:-62.279414876359084,62.56102715518993,0.8200615478705862,
P[7]:-66.85521315773795,63.64809525518603,0.8200615478705862,
P[8]:-71.07657506762989,62.268602475178774,0.8200615478705862,
P[9]:-74.41414996546226,58.79707141609734,0.8200615478705862,
P[10]:-76.89166809216866,53.18473443519101,0.8200615478705862,
P[11]:-75.93101782345049,48.53879129709591,0.8200615478705862,
P[12]:-72.29057545562524,43.513647506977264,0.8200615478705862,
P[13]:-67.51246856473392,39.69621819203234,0.8200615478705862,
P[14]:-63.38099708086938,37.55018470514348,0.8200615478705862,
P[15]:-57.26288184717178,35.93217075904164,0.8200615478705862,
P[16]:-45.25243772579508,34.62045543261958,0.8200615478705862,
P[17]:-31.71636573620882,34.14045287979736,0.8200615478705862,
P[18]:-23.589202672333617,33.738597795935846,0.8200615478705862,
P[19]:-17.1230368656749,32.72731589326448,0.8200615478705862,
P[20]:-12.900911721592818,31.10925595780787,0.8200615478705862,
P[21]:-9.392747985894136,28.53350386731617,0.8200615478705862,
P[22]:-7.446001182750527,26.536192212142858,0.8200615478705862,
P[23]:-6.542098484343123,24.918274634416573,0.8200615478705862,
P[24]:-8.300730306658785,23.18945013112321,0.8200615478705862,
P[25]:-10.17942735690036,21.392486195385807,0.8200615478705862,
P[26]:-11.161246827022273,22.6249829770282,0.8200615478705862,
P[27]:-14.545390532548861,23.73214110291036,0.8200615478705862,
P[28]:-17.78330580635517,21.87295104246674,0.8200615478705862,
P[29]:-16.98949431987362,17.61143674661844,0.8200615478705862,
P[30]:-12.93687778362573,16.128262653455554,0.8200615478705862,
P[31]:-8.34112707241678,18.029232265819253,0.8200615478705862,
P[32]:-5.792539122198999,21.64270905711174,0.8200615478705862,
P[33]:-4.9360534371073435,25.465559797886677,0.8200615478705862,
P[34]:-6.08493040955682,28.765224095443365,0.8200615478705862,
P[35]:-10.137612561721145,33.21432166418824,0.8200615478705862,
P[36]:-14.096703566868822,35.72120348478823,0.8200615478705862,
P[37]:-19.308398048524637,37.789269321614135,0.8200615478705862,
P[38]:-26.42938955929696,38.91686158528835,0.8200615478705862,
P[39]:-40.17534584854158,40.05004694045049,0.8200615478705862,
P[40]:-52.41266444158144,41.485878643263995,0.8200615478705862,
P[41]:-59.93336868489211,42.48863920903876,0.8200615478705862,
P[42]:-65.23717003382261,44.20044318128415,0.8200615478705862,
P[43]:-68.55885440119735,45.80840066360443,0.8200615478705862,
P[44]:-71.44182927874336,47.667710548398595,0.8200615478705862,
P[45]:-74.15767517788092,49.86127839000971,0.8200615478705862,
P[46]:-75.30668690443912,51.65791490790071,0.8200615478705862,
P[47]:-73.15335963889946,54.56410705229684,0.8200615478705862,
P[48]:-70.59998608167194,57.079723650731914,0.8200615478703389,
End
BeginGraphicBSplineCurve:25
Name:border1
p:2
knot:2.0,2.0,2.0,3.0,4.0,5.0,6.0,7.0,8.0,9.0,10.0,11.0,12.0,13.0,14.0,15.0,16.0,17.0,18.0,19.0,20.0,20.0,20.0,
P[0]:-194.4222459482028,-4.569145297529431,0.0,
P[1]:-193.6607217319479,-53.81437794867996,0.0,
P[2]:-169.01215712363975,-87.47712499860901,0.0,
P[3]:-137.94551460076926,-98.1051869143279,0.0,
P[4]:-110.96658819932912,-97.69641530218486,0.0,
P[5]:-90.93677920432049,-91.56484112003939,0.0,
P[6]:-76.22100116717132,-86.65958177432296,0.0,
P[7]:-56.64492183995764,-69.54484816134091,0.0,
P[8]:-46.57524054299729,-58.845811783320514,0.0,
P[9]:-22.552239079560128,-50.244803953373804,0.0,
P[10]:3.8815728454438343,-48.77625884642914,0.0,
P[11]:24.860788658939057,-54.440647116072846,0.0,
P[12]:30.10559261231286,-62.20295696706607,0.0,
P[13]:44.05732217389339,-71.2245965320794,0.0,
P[14]:76.25081016217992,-77.25783469503321,0.0,
P[15]:97.91570560576068,-76.44029147074716,0.0,
P[16]:117.53674298862623,-70.71748890074467,0.0,
P[17]:134.19202534828284,-57.363454258692066,0.0,
P[18]:146.8830550515333,-32.74285663438618,0.0,
P[19]:148.40597861592335,-3.8073089109751366,0.0,
End
BeginGraphicBSplineCurve:25
Name:border2
p:2
knot:2.0,2.0,2.0,3.0,4.0,5.0,6.0,7.0,8.0,9.0,10.0,11.0,12.0,13.0,14.0,15.0,16.0,17.0,18.0,19.0,20.0,20.0,20.0,
P[0]:148.40597861592335,-3.8073089109751366,0.0,
P[1]:147.8983374277933,24.11295643617587,0.0,
P[2]:133.4305635660878,53.80996594178193,0.0,
P[3]:109.57142772397695,69.80066336787752,0.0,
P[4]:81.15606950789633,73.5788901857459,0.0,
P[5]:62.35257534931681,69.89994567645861,0.0,
P[6]:50.347071910433016,66.54956003770138,0.0,
P[7]:31.460908256932385,54.16863053151764,0.0,
P[8]:20.75874885328203,46.19447254448404,0.0,
P[9]:-3.5834176334521075,43.25662486505061,0.0,
P[10]:-34.97240392261675,47.454178316974726,0.0,
P[11]:-53.03816544342951,56.26865524436847,0.0,
P[12]:-56.60573013574001,59.836219936678965,0.0,
P[13]:-75.81222955502828,78.48414953146231,0.0,
P[14]:-107.69641530218485,85.8420385500369,0.0,
P[15]:-125.6823662364783,89.92975467146725,0.0,
P[16]:-151.8437494136324,86.25081016217992,0.0,
P[17]:-176.7788177543574,66.22100116717132,0.0,
P[18]:-191.37614908318318,32.237858488124324,0.0,
P[19]:-194.16840454278451,-4.822986702947733,0.0,
End
BeginGraphicBSplineCurve:9
Name:border 3
p:2
knot:2.0,2.0,2.0,3.0,4.0,4.0,4.0,
P[0]:-194.02571257011482,31.960217780429232,-10.0,
P[1]:-187.5115280543585,21.1710996762079,-10.0,
P[2]:-187.91866458659328,-30.942376449842314,-10.0,
P[3]:-195.2471221668191,-40.71365322347672,-10.0,
End
BeginGraphicBSplineCurve:9
Name:border 4
p:2
knot:2.0,2.0,2.0,3.0,4.0,4.0,4.0,
P[0]:145.32258704756373,-43.563608949120095,-10.0,
P[1]:134.1263324111076,-32.16378604654661,-10.0,
P[2]:135.34774200781192,23.6139188696165,-10.0,
P[3]:147.15470144262017,33.38519564325092,-10.0,
End
BeginGraphicBSplineCurve:8
Name:bass bar
p:2
knot:0.0,1.0,2.0,3.0,4.0,5.0,
P[0]:-230.059716337144,27.587460631434837,-10.0,
P[1]:-18.227429345769437,11.330564187910738,-10.0,
P[2]:213.31018666805858,4.92633225561336,-10.0,
End
BeginGraphicBSplineSurface
Name:
p:2
q:2
knotx:0.5,1.0,1.5,2.0,3.0,4.0,5.0,6.0,7.0,7.5,8.0,8.5,
knoty:1.0,1.25,1.5,1.75,2.0,2.5,3.0,3.5,4.0,4.5,5.0,5.5,6.0,6.5,7.0,7.5,8.0,8.25,8.5,8.75,9.0,
Px[0]:-43.567167633386916,-53.232653649847194,-55.30382922480297,-66.94186340788778,-81.61255922008617,-118.5798972867592,-154.56419520975197,-193.56709362696256,-217.5508845381295,-215.60963190107748,-192.8253069582305,-156.35739684355696,-119.22595408775835,-87.87138565459199,-68.03746895669128,-54.058193615284736,-51.132298776385696,-44.95540967204326,
Px[1]:-53.42884988132109,-57.17312026715117,-60.423943263057005,-67.47483487249022,-86.47255661519469,-120.49146879300214,-153.15422083209484,-180.0424371995986,-196.5147672481247,-200.9622987541198,-185.3920463113511,-154.0618372960867,-119.25049394579294,-90.450985053494,-68.25914027139564,-59.16053710194701,-55.90994672043429,-50.27113142752871,
Px[2]:-53.72409473762308,-56.38217869290629,-59.93979471953534,-65.07202015101947,-85.75121421789513,-121.57576308824885,-150.25472974849276,-169.83423266248377,-182.6982632531382,-182.98517691202727,-172.31652769570053,-150.6923156041576,-117.62274771279375,-84.72745033529655,-63.980760036736704,-59.05739558314709,-55.58885709281303,-50.706097298845535,
Px[3]:-42.48201222626944,-45.51774158633962,-48.085126354665185,-52.572147939405774,-62.248738324175775,-78.58559277596214,-93.12390318847793,-105.86366956172151,-112.21059738724497,-112.16468666504757,-105.96459878551968,-93.61033374866292,-79.03629335819005,-62.24247761409855,-51.714657569016886,-47.90447079626177,-45.40935967917901,-42.90600509057688,
Px[4]:-11.137450890140807,-11.137698031359907,-11.3675230153888,-11.59951328100898,-11.437512041385915,-11.40868285891211,-11.353390463609545,-11.271634855478178,-11.265245350679441,-11.334221949213283,-11.375668246352651,-11.389584242097497,-11.427348291151038,-11.488960393513224,-11.367886770310722,-11.8950468396185,-11.787090647184003,-11.374517945184039,
Px[5]:18.993330569428625,20.00832568695572,20.92715382956634,22.484038596893274,33.97238633259605,53.17957380684311,66.36755200835341,73.53632093712804,77.12505508732013,77.13375445892756,73.43065257571197,66.01574943767582,52.767591239840385,33.68617798220578,24.59613808284944,21.11273041349044,18.563423937853315,16.94571040813132,
Px[6]:27.041785228880762,29.176593294181544,31.814997765163852,35.482857869662865,48.33824426415661,78.5009832478513,109.27562004407878,127.7447806515705,137.02313649651472,137.11068757891127,127.84369262895326,109.22215164664047,77.91010006576938,52.70260461001585,34.66627411364547,30.937005589616167,27.774098656049542,23.799528041742096,
Px[7]:27.262996593438725,29.21701768734179,32.203409390133196,38.40743712178115,50.237949259280256,79.92811910074244,114.20430661458408,140.61797642832502,154.20840667899208,154.00757760757512,139.91575463031612,116.47137632734288,81.66318659488518,56.23916375235009,36.31622549121576,32.79618334217607,29.11709315790425,23.911249764620297,
Px[8]:21.264810420434834,27.187288712665,28.485959907329363,38.662090403860944,50.06286111640401,80.62688331110377,114.83028745220037,146.46682801091617,161.49839377380292,159.64803949817923,146.47041888494454,116.62731611272464,78.88917954077411,52.532041859811734,39.88025732430797,26.95928588379347,25.276867727476482,20.43150343728355,
Py[0]:84.57873826650044,102.5289265827838,101.24677027447785,95.03324354961053,100.84077350857379,112.86690080002407,108.23249939812118,84.72605156197697,28.585076757620353,-41.18377506279598,-90.96313135507509,-116.30523838391612,-117.96105707402083,-107.27727820049749,-98.4645515923627,-105.72510545185293,-105.83347192736768,-93.15459429213851,
Py[1]:79.05513150053031,78.1668853857437,78.06783709414475,79.15963987123101,83.4285309470306,94.79240627774129,91.98501895962102,69.8353506222837,31.786588256674055,-38.68482019420154,-81.74372697976978,-99.14939865491665,-103.32675985695191,-95.54211060641082,-84.81082461965272,-85.89379725564913,-86.97696450835399,-88.38579850616038,
Py[2]:69.49182748081445,69.0978941365636,69.06523959145115,69.96083151796428,73.74667617508382,81.79393292556887,77.06174777949732,58.467122842314964,24.809980802228274,-27.158672024424774,-63.77629942266977,-85.04290139250702,-91.28414454141671,-82.7971298827703,-78.34642370386031,-78.31465675069347,-78.52985288726384,-78.7438284623578,
Py[3]:58.748114658133524,57.46793717793746,56.18770387410022,55.018888962374234,51.30918944804926,45.16859037876404,35.31988548519845,22.805168002009957,5.785417496445583,-14.560930810243152,-31.272932229276186,-43.29162082142382,-52.43140972155221,-57.57323312747484,-61.05152680433407,-62.07311628250309,-63.80206939519759,-65.74367478191003,
Py[4]:51.25745230156099,49.19149963850625,46.63004338965609,43.84616020221394,39.09120152029941,29.916286161580043,20.422067704108027,10.608546147883152,1.0826423109114982,-8.155643806807145,-17.624149684983635,-27.32287532361817,-36.180014926262004,-44.195568492915335,-49.03550926676853,-51.80004641180257,-54.48489035738464,-57.14771457275009,
Py[5]:54.690458758637234,51.2685182700487,49.71801545660188,47.25723779077385,43.970334897296254,39.80311491171984,31.198191323272773,18.664406602767635,4.039099601095295,-12.248653912102013,-27.098756008076258,-39.43188921688013,-48.21314963108789,-51.249129197627,-53.20840782195877,-54.8347588952844,-57.384899915752555,-59.70117778493426,
Py[6]:62.82356640665471,62.40884248777838,61.85226859725789,60.9894357420649,62.95059884086371,69.14970437325161,61.69730837685955,41.193190432617854,13.74508726547203,-20.6470011245782,-46.7804833086174,-64.65535928664583,-70.45703201315445,-67.85798702291272,-66.82007289225267,-66.91734561725147,-67.58729445596074,-69.19711077749729,
Py[7]:69.41065618693777,69.07732800565137,68.71423408976942,66.91597611216655,68.8966613773865,77.50741500877713,72.8754977771769,54.68476861101531,22.19089446411862,-29.411278301155352,-61.26439236071514,-78.2674862723176,-81.97918113175062,-75.04506706978275,-73.70845524846065,-74.6329967843836,-75.45545805037081,-75.02225779159365,
Py[8]:76.14669907822508,86.51103608962786,87.43842980584908,81.03274366931497,79.10793822434016,89.768857697265,85.697023870944,61.265371970318405,22.388062124383396,-32.37593789222778,-68.73774384454342,-92.57722716859199,-98.00943264826712,-88.71097924022231,-84.00020840253475,-94.56579442420546,-93.69093698292063,-80.70266881615345,
Pz[0]:2.4601846436120334,2.4601846436120334,2.4601846436114583,2.4601846436114583,2.4601846436114583,2.4601846436114583,2.4601846436114583,2.4601846436114583,2.4601846436114583,2.4601846436114583,2.4601846436114583,2.460184643612609,2.4601846436120334,2.4601846436114583,2.4601846436114583,2.4601846436114583,2.4601846436114583,2.4601846436114583,
Pz[1]:2.0501538696768864,1.2300923218060167,0.6833846232256288,0.2733538492901473,4.0099012522365846E-13,9.965573801807833E-14,5.917932878362815E-16,0.0,0.0,-5.917932878362815E-16,0.0,0.0,5.75353152418992E-13,-4.0099012522365846E-13,0.2733538492899063,0.6833846232244781,1.2300923218054414,2.050153869676311,
Pz[2]:1.8451384827087376,0.615046160903296,0.0,0.0,0.0,0.0,0.0,0.0,0.0,0.0,0.0,0.0,-8.019802504473169E-13,0.0,0.0,0.0,0.615046160903296,1.845138482709313,
Pz[3]:1.8451384827087376,0.6150461609027207,0.15426785070637877,0.6170714028264086,2.463942426525637,7.002162285472764,10.184090042923117,12.12194318372542,13.055504689525238,13.03990099832975,11.6108993290145,9.632748965589599,6.03405886841324,1.857115008458809,0.44285709451092664,0.11071427362790814,0.6150461609027207,1.8451384827087376,
Pz[4]:1.8451384827087376,0.6150461609027207,0.0,0.0,2.3374652621087466,7.012395786326241,10.604377250512135,13.113409654666436,14.432619384513902,14.562006440054535,13.267947340450265,10.550442085701087,6.89376709374497,2.2979223645819244,5.75353152418992E-13,5.75353152418992E-13,0.6150461609038714,1.845138482709313,
Pz[5]:1.8451384827087376,0.6150461609027207,0.2160934611125018,0.8643738444505825,2.176346793232638,7.157404999670462,9.956883217932955,11.015268829331717,11.39557099983648,11.187895683138164,10.523561650478882,9.022786913707478,6.349500170668989,1.4686558384622883,0.5637713678441792,0.14094284196118867,0.6150461609027207,1.8451384827087376,
Pz[6]:1.845138482709313,0.6150461609031321,0.0,0.0,0.08311505301755898,0.2493451590538799,0.24934515905397386,0.0831150530179913,0.0,0.0,0.10816863610178065,0.32450590830534193,0.3245059083061188,0.10816863610178065,-1.336633750745528E-13,-5.75353152418992E-13,0.6150461609027207,1.845138482709313,
Pz[7]:2.050153869676311,1.2300923218060167,0.6833846232257025,0.2733538492902803,0.0,5.75353152418992E-13,0.0,0.0,-5.006458632417367E-13,-7.023245124292387E-13,-5.75353152418992E-13,0.0,5.75353152418992E-13,4.0099012522365846E-13,0.2733538492904817,0.6833846232254882,1.2300923218060167,2.050153869676311,
Pz[8]:2.4601846436120334,2.4601846436114583,2.4601846436114583,2.4601846436114583,2.4601846436114583,2.4601846436114583,2.4601846436120334,2.4601846436120334,2.4601846436120334,2.4601846436120334,2.4601846436120334,2.4601846436114583,2.4601846436114583,2.4601846436120334,2.4601846436114583,2.4601846436120334,2.4601846436120334,2.4601846436114583,
Ph[3][0]:3.499999999999998,3.4999999999999973,3.5,3.499999999999997,3.500000000000001,3.499999999999996,3.499999999999999,3.499999999999996,3.5,3.4999999999999964,3.5,3.4999999999999964,3.5000000000000004,3.499999999999998,3.500000000000001,3.4999999999999973,3.499999999999998,3.499999999999995,
Ph[3][1]:3.499999999999999,3.499999999999999,3.5000000000000013,3.499999999999999,3.5000000000000027,3.4999999999999973,3.5000000000000004,3.499999999999998,3.5000000000000018,3.4999999999999982,3.5000000000000018,3.4999999999999982,3.500000000000002,3.4999999999999996,3.5000000000000018,3.499999999999999,3.499999999999999,3.4999999999999964,
Ph[3][2]:3.5000000000000004,3.500000000000001,3.5000000000000036,3.500000000000001,3.5000000000000044,3.4999999999999987,3.5000000000000018,3.4999999999999996,3.5000000000000036,3.5,3.5000000000000036,3.5,3.500000000000004,3.5000000000000013,3.5000000000000036,3.5,3.500000000000001,3.4999999999999973,
Ph[3][3]:3.499999999999998,3.4999999999999973,3.5,3.499999999999997,3.500000000000001,3.499999999999996,3.499999999999999,3.499999999999996,3.5,3.4999999999999964,3.5,3.4999999999999964,3.5000000000000004,3.499999999999998,3.500000000000001,3.4999999999999973,3.499999999999998,3.499999999999995,
Ph[3][4]:3.499999999999999,3.499999999999999,3.5000000000000013,3.499999999999999,3.5000000000000027,3.4999999999999973,3.5000000000000004,3.499999999999998,3.5000000000000018,3.4999999999999982,3.5000000000000018,3.4999999999999982,3.500000000000002,3.4999999999999996,3.5000000000000018,3.499999999999999,3.499999999999999,3.4999999999999964,
Ph[3][5]:3.499999999999999,3.499999999999999,3.5000000000000013,3.499999999999999,3.5000000000000027,3.4999999999999973,3.5000000000000004,3.499999999999998,3.5000000000000018,3.4999999999999982,3.5000000000000018,3.4999999999999982,3.500000000000002,3.4999999999999996,3.5000000000000018,3.499999999999999,3.499999999999999,3.4999999999999964,
Ph[3][6]:3.5000000000000004,3.500000000000001,3.5000000000000036,3.500000000000001,3.5000000000000044,3.4999999999999987,3.5000000000000018,3.4999999999999996,3.5000000000000036,3.5,3.5000000000000036,3.5,3.500000000000004,3.5000000000000013,3.5000000000000036,3.5,3.500000000000001,3.4999999999999973,
Ph[3][7]:3.4999999999999982,3.4999999999999982,3.500000000000001,3.4999999999999982,3.5000000000000018,3.4999999999999964,3.5,3.4999999999999964,3.500000000000001,3.4999999999999973,3.500000000000001,3.4999999999999973,3.500000000000001,3.499999999999999,3.5000000000000013,3.4999999999999982,3.4999999999999982,3.499999999999995,
Ph[3][8]:3.499999999999996,3.4999999999999956,3.4999999999999982,3.4999999999999956,3.499999999999999,3.4999999999999942,3.4999999999999973,3.4999999999999942,3.4999999999999982,3.4999999999999947,3.4999999999999982,3.4999999999999947,3.4999999999999987,3.499999999999996,3.4999999999999987,3.4999999999999956,3.499999999999996,3.4999999999999933,
Ph[4][0]:3.499999999999998,3.4999999999999973,3.5,3.499999999999997,3.500000000000001,3.499999999999996,3.499999999999999,3.499999999999996,3.5,3.4999999999999964,3.5,3.4999999999999964,3.5000000000000004,3.499999999999998,3.500000000000001,3.4999999999999973,3.499999999999998,3.499999999999995,
Ph[4][1]:3.499999999999999,3.499999999999999,3.5000000000000013,3.499999999999999,3.5000000000000027,3.4999999999999973,3.5000000000000004,3.499999999999998,3.5000000000000018,3.4999999999999982,3.5000000000000018,3.4999999999999982,3.500000000000002,3.4999999999999996,3.5000000000000018,3.499999999999999,3.499999999999999,3.4999999999999964,
Ph[4][2]:3.5000000000000004,3.500000000000001,3.5000000000000036,3.500000000000001,3.5000000000000044,3.4999999999999987,3.5000000000000018,3.4999999999999996,3.5000000000000036,3.5,3.5000000000000036,3.5,3.500000000000004,3.5000000000000013,3.5000000000000036,3.5,3.500000000000001,3.4999999999999973,
Ph[4][3]:3.499999999999998,3.4999999999999973,3.5,3.499999999999997,3.500000000000001,3.499999999999996,3.874999999999999,4.6249999999999964,5.0,4.9999999999999964,4.625,3.8749999999999964,3.5000000000000004,3.499999999999998,3.500000000000001,3.4999999999999973,3.499999999999998,3.499999999999995,
Ph[4][4]:3.499999999999999,3.499999999999999,3.5000000000000013,3.499999999999999,3.5000000000000027,3.4999999999999973,3.8750000000000004,4.624999999999998,5.000000000000002,4.999999999999998,4.625000000000002,3.8749999999999982,3.500000000000002,3.4999999999999996,3.5000000000000018,3.499999999999999,3.499999999999999,3.4999999999999964,
Ph[4][5]:3.499999999999999,3.499999999999999,3.5000000000000013,3.499999999999999,3.5000000000000027,3.4999999999999973,3.8750000000000004,4.624999999999998,5.000000000000002,4.999999999999998,4.625000000000002,3.8749999999999982,3.500000000000002,3.4999999999999996,3.5000000000000018,3.499999999999999,3.499999999999999,3.4999999999999964,
Ph[4][6]:3.5000000000000004,3.500000000000001,3.5000000000000036,3.500000000000001,3.5000000000000044,3.4999999999999987,3.5000000000000018,3.4999999999999996,3.5000000000000036,3.5,3.5000000000000036,3.5,3.500000000000004,3.5000000000000013,3.5000000000000036,3.5,3.500000000000001,3.4999999999999973,
Ph[4][7]:3.4999999999999982,3.4999999999999982,3.500000000000001,3.4999999999999982,3.5000000000000018,3.4999999999999964,3.5,3.4999999999999964,3.500000000000001,3.4999999999999973,3.500000000000001,3.4999999999999973,3.500000000000001,3.499999999999999,3.5000000000000013,3.4999999999999982,3.4999999999999982,3.499999999999995,
Ph[4][8]:3.499999999999996,3.4999999999999956,3.4999999999999982,3.4999999999999956,3.499999999999999,3.4999999999999942,3.4999999999999973,3.4999999999999942,3.4999999999999982,3.4999999999999947,3.4999999999999982,3.4999999999999947,3.4999999999999987,3.499999999999996,3.4999999999999987,3.4999999999999956,3.499999999999996,3.4999999999999933,
Ph[5][0]:3.499999999999998,3.4999999999999973,3.5,3.499999999999997,3.312500000000001,2.9374999999999956,2.7499999999999987,2.749999999999996,2.75,2.7499999999999964,2.75,2.7499999999999964,2.9375000000000004,3.312499999999998,3.500000000000001,3.4999999999999973,3.499999999999998,3.499999999999995,
Ph[5][1]:3.499999999999999,3.499999999999999,3.5000000000000013,3.499999999999999,3.5937500000000027,3.7812499999999973,3.8750000000000004,3.874999999999998,3.8750000000000018,3.8749999999999982,3.8750000000000018,3.8749999999999982,3.781250000000002,3.5937499999999996,3.5000000000000018,3.499999999999999,3.499999999999999,3.4999999999999964,
Ph[5][2]:3.5000000000000004,3.500000000000001,3.5000000000000036,3.500000000000001,3.8750000000000044,4.624999999999999,5.000000000000002,5.0,5.0000000000000036,5.0,5.0000000000000036,5.0,4.6250000000000036,3.8750000000000013,3.5000000000000036,3.5,3.500000000000001,3.4999999999999973,
Ph[5][3]:3.499999999999998,3.4999999999999973,3.5,3.499999999999997,3.500000000000001,3.499999999999995,3.4999999999999982,3.4999999999999956,3.4999999999999996,3.499999999999996,3.4999999999999996,3.499999999999996,3.5,3.499999999999998,3.500000000000001,3.4999999999999973,3.499999999999998,3.499999999999995,
Ph[5][4]:3.499999999999999,3.499999999999999,3.5000000000000013,3.499999999999999,3.5000000000000027,3.4999999999999973,3.5000000000000004,3.499999999999998,3.5000000000000018,3.4999999999999982,3.5000000000000018,3.4999999999999982,3.500000000000002,3.4999999999999996,3.5000000000000018,3.499999999999999,3.499999999999999,3.4999999999999964,
Ph[5][5]:3.499999999999999,3.499999999999999,3.5000000000000013,3.499999999999999,3.5000000000000027,3.4999999999999973,3.5000000000000004,3.499999999999998,3.5000000000000018,3.4999999999999982,3.5000000000000018,3.4999999999999982,3.500000000000002,3.4999999999999996,3.5000000000000018,3.499999999999999,3.499999999999999,3.4999999999999964,
Ph[5][6]:3.5000000000000004,3.500000000000001,3.5000000000000036,3.500000000000001,3.8750000000000044,4.624999999999999,5.000000000000002,5.0,5.0000000000000036,5.0,5.0000000000000036,5.0,4.6250000000000036,3.8750000000000013,3.5000000000000036,3.5,3.500000000000001,3.4999999999999973,
Ph[5][7]:3.4999999999999982,3.4999999999999982,3.500000000000001,3.4999999999999982,3.5937500000000018,3.7812499999999964,3.875,3.8749999999999964,3.875000000000001,3.8749999999999973,3.875000000000001,3.8749999999999973,3.781250000000001,3.593749999999999,3.5000000000000013,3.4999999999999982,3.4999999999999982,3.499999999999995,
Ph[5][8]:3.499999999999996,3.4999999999999956,3.4999999999999982,3.4999999999999956,3.312499999999999,2.937499999999994,2.749999999999997,2.7499999999999942,2.7499999999999982,2.7499999999999947,2.7499999999999982,2.7499999999999947,2.9374999999999987,3.312499999999996,3.4999999999999987,3.4999999999999956,3.499999999999996,3.4999999999999933,
End
BeginGraphicBSplineCurve:59
Name:curve purfling
p:2
knot:0.0,0.0,0.0,1.0,2.0,3.0,4.0,5.0,6.0,7.0,8.0,9.0,10.0,11.0,12.0,13.0,14.0,15.0,15.0,16.0,17.0,18.0,19.0,20.0,21.0,22.0,23.0,23.0,24.0,25.0,26.0,27.0,28.0,29.0,30.0,31.0,32.0,33.0,34.0,35.0,36.0,37.0,38.0,39.0,40.0,40.0,41.0,42.0,43.0,44.0,45.0,46.0,47.0,48.0,49.0,49.0,49.0,
P[0]:-58.15990388330788,-89.32709883855297,0.8200615478760984,
P[1]:-65.10329999609783,-87.01263346762295,0.8200615478738031,
P[2]:-76.42978307878846,-89.62200354040444,0.8200615478808675,
P[3]:-90.69996135381028,-95.72305143868957,0.8200615478703602,
P[4]:-110.75479639438078,-102.92088815922065,0.8200615478715079,
P[5]:-139.51548377503582,-105.14330491136222,0.8200615478755247,
P[6]:-173.89780584784904,-92.37071121524782,0.8200615478766724,
P[7]:-196.90612813916115,-60.30277867697724,0.8200615478697865,
P[8]:-203.8238497982924,-10.550174808903034,0.8200615478720817,
P[9]:-199.24958437425988,33.08790765143471,0.8200615478709341,
P[10]:-184.4830485414753,70.1440744061408,0.8200615478709341,
P[11]:-156.39403756394418,93.14152283485623,0.8200615478703602,
P[12]:-126.99373818817746,98.10690672943018,0.8200615478720817,
P[13]:-107.43194261652407,94.44761782514853,0.8200615478703602,
P[14]:-81.89398223487615,85.56705618476875,0.8200615478709341,
P[15]:-67.18700382123059,81.90374079804405,0.8200615478703602,
P[16]:-58.89158917660225,83.73732037331514,0.8200615478709341,
P[17]:-61.2475893763011,77.59895865852316,-1.7214735333774707E-12,
P[18]:-59.426287725860206,67.1384933863749,3.4429470667549414E-12,
P[19]:-51.8479228223535,57.33888359735754,5.738245111258235E-13,
P[20]:-34.10271502870286,49.34510126253118,-5.75353152418992E-13,
P[21]:-3.63943050737183,44.79464992513069,-5.738245111258235E-13,
P[22]:20.533809737093154,48.32263633918774,0.0,
P[23]:30.085578238215575,55.4181924338953,0.0,
P[24]:34.776421556804884,65.5705699190222,-2.869122555629118E-12,
P[25]:33.46975992196896,70.66655029488238,-2.869122555629118E-12,
P[26]:39.223127549622106,68.31469093669148,-3.4429470667549414E-12,
P[27]:49.93820253569897,68.7067058752065,-1.7214735333774707E-12,
P[28]:62.35200892200754,72.23484032184157,-5.738245111258235E-13,
P[29]:80.37458587029737,77.366920355735,2.869122555629118E-12,
P[30]:104.68962228162836,76.02431806081997,-2.295298044503294E-12,
P[31]:130.82395151596222,62.95715344365305,5.738245111258235E-13,
P[32]:146.84295825104323,38.39029524593229,8.607367666887355E-12,
P[33]:151.41739578908212,16.657346498242124,5.738245111258235E-13,
P[34]:152.3321338620407,-3.7282448419755347,8.03354315576153E-12,
P[35]:150.11170164192922,-30.178210086964327,3.4429470667549414E-12,
P[36]:144.23110162835474,-49.51885013160928,4.590596089006588E-12,
P[37]:134.56078160603226,-64.67773016660126,4.590596089006588E-12,
P[38]:118.35653988585754,-77.10547052472417,0.0,
P[39]:98.36238001434165,-82.72474421410446,5.738245111258235E-13,
P[40]:75.53778981523327,-82.9867730338593,5.738245111258235E-13,
P[41]:55.41246673333139,-76.45257722804703,5.164420600132412E-12,
P[42]:38.031505889870665,-73.31616324125712,2.869122555629118E-12,
P[43]:31.61879749219981,-77.05604166273064,1.3197963755893942E-11,
P[44]:32.28141358075577,-72.27069191232718,1.2050314733642295E-11,
P[45]:29.53705134231457,-64.4296569453524,1.4919437289271413E-11,
P[46]:23.39490728485112,-56.5886219783776,1.7214735333774707E-12,
P[47]:3.4002681190654815,-50.44647792091404,1.7214735333774707E-12,
P[48]:-22.490400325137156,-52.53734748568544,1.147649022251647E-12,
P[49]:-45.491412780775626,-60.24791416115515,3.4429470667549414E-12,
P[50]:-54.77023030549346,-69.78810682741431,6.31206962238406E-12,
P[51]:-58.42948228707237,-79.45898706444416,1.0328841200264824E-11,
P[52]:-58.95223257015499,-85.8626780322071,5.164420600132412E-12,
P[53]:-58.15912197606658,-89.55090674336559,5.164420600132412E-12,
End
BeginGraphicBSplineCurve:57
Name:curve Treble f hole
p:2
knot:0.0,0.0,0.0,1.0,2.0,3.0,4.0,5.0,6.0,7.0,8.0,9.0,10.0,11.0,12.0,13.0,14.0,15.0,16.0,17.0,18.0,19.0,20.0,21.0,22.0,23.0,24.0,24.0,25.0,25.0,26.0,27.0,28.0,29.0,30.0,31.0,32.0,33.0,34.0,35.0,36.0,37.0,38.0,39.0,40.0,41.0,42.0,43.0,44.0,45.0,46.0,46.0,47.0,47.0,47.0,
P[0]:-69.41124531543367,-65.38204265963792,0.8200615478705862,
P[1]:-68.78948452778837,-63.733014764962675,0.8200615478705862,
P[2]:-66.33303391273326,-62.084164352117476,0.8200615478705862,
P[3]:-63.97213719752314,-61.63157298762523,0.8200615478705862,
P[4]:-60.90466592323864,-62.526252109291555,0.8200615478705862,
P[5]:-59.2431189830012,-65.21028947429048,0.8200615478705862,
P[6]:-59.50208220237452,-68.44401594452043,0.8200615478705862,
P[7]:-62.05948284270585,-70.79951653429931,0.8200615478705862,
P[8]:-65.72733376107583,-71.37156667753132,0.8200615478705862,
P[9]:-69.59583453371137,-70.32274159809796,0.8200615478705862,
P[10]:-72.18813537875504,-68.44401594452043,0.8200615478705862,
P[11]:-74.94743606963887,-64.57426497559798,0.8200615478705862,
P[12]:-75.99058633082666,-60.805464031951786,0.8200615478705862,
P[13]:-74.83609796061403,-55.62444174215145,0.8200615478705862,
P[14]:-71.64081538323437,-51.40666874001028,0.8200615478705862,
P[15]:-66.09753103165895,-46.86344570807698,0.8200615478705862,
P[16]:-60.175084666024034,-44.104124105906166,0.8200615478705862,
P[17]:-51.695218278864935,-42.65716277793855,0.8200615478705862,
P[18]:-36.49270703205792,-40.926141886204945,0.8200615478705862,
P[19]:-27.801538421585217,-40.28708537072902,0.8200615478705862,
P[20]:-22.561274994682545,-39.64802885525308,0.8200615478705862,
P[21]:-16.425115128332145,-38.29970490285578,0.8200615478705862,
P[22]:-11.441691625401281,-36.4527462778734,0.8200615478705862,
P[23]:-7.956574507622838,-34.132743598402406,0.8200615478705862,
P[24]:-6.374961187520725,-32.281919500410574,0.8200615478705862,
P[25]:-5.533632115544458,-30.863378010631553,0.8200615478705862,
P[26]:-7.8555838725508575,-29.16397853630078,0.8200615478705862,
P[27]:-10.149092155011402,-27.66343918790734,0.8200615478705862,
P[28]:-11.296505264720444,-28.84786562373603,0.8200615478705862,
P[29]:-13.554318158018873,-29.44007884165037,0.8200615478705862,
P[30]:-15.627064420719076,-28.736825645377092,0.8200615478705862,
P[31]:-16.774477530428115,-26.960185991634066,0.8200615478705862,
P[32]:-16.70045087818882,-24.739386424455276,0.8200615478705862,
P[33]:-14.960824550565437,-22.888720118472946,0.8200615478705862,
P[34]:-11.62962519979726,-22.40754687891755,0.8200615478705862,
P[35]:-8.002319240071909,-23.814053271464115,0.8200615478705862,
P[36]:-5.1789377737371165,-26.86689854573438,0.8200615478705862,
P[37]:-3.8938400407911544,-30.476451973000472,0.8200615478705862,
P[38]:-5.078266476619843,-34.84402445511875,0.8200615478705862,
P[39]:-8.705503846684831,-39.43722884758958,0.8200615478705862,
P[40]:-15.145859200708536,-43.064555426292586,0.8200615478705862,
P[41]:-23.45595411634886,-45.52734879763168,0.8200615478705862,
P[42]:-34.42991172626226,-46.76590907803034,0.8200615478705862,
P[43]:-46.838793780486014,-47.876419529736985,0.8200615478705862,
P[44]:-55.15315728395523,-48.978253981201725,0.8200615478705862,
P[45]:-62.167149825527744,-51.249125979991874,0.8200615478705862,
P[46]:-67.12713287526121,-53.50702871158697,0.8200615478705862,
P[47]:-70.2348910491873,-55.49663043905626,0.8200615478705862,
P[48]:-73.19755989135292,-58.17089337029157,0.8200615478705862,
P[49]:-74.62728968095261,-60.64906701641715,0.8200615478705862,
P[50]:-72.25415069667251,-63.02627954465213,0.8200615478705862,
P[51]:-69.20849030697231,-65.56713434489926,0.8200615478705862,
End
BeginGraphicBSplineCurve:54
Name:curve Bass f hole
p:2
knot:0.0,0.0,0.0,1.0,2.0,3.0,4.0,5.0,6.0,7.0,8.0,9.0,10.0,11.0,12.0,13.0,14.0,15.0,16.0,17.0,18.0,19.0,20.0,21.0,22.0,22.0,23.0,23.0,24.0,25.0,26.0,27.0,28.0,29.0,30.0,31.0,32.0,33.0,34.0,35.0,36.0,37.0,38.0,39.0,40.0,41.0,42.0,43.0,43.0,44.0,44.0,44.0,
P[0]:-70.7510710987572,56.969143032645725,0.8200615478705862,
P[1]:-70.02056945142103,55.548566735667855,0.8200615478705862,
P[2]:-67.28498426703872,54.11728889010409,0.8200615478705862,
P[3]:-64.63051565076921,54.193130850568934,0.8200615478705862,
P[4]:-61.824363113570016,55.937495941260316,0.8200615478705862,
P[5]:-60.737295013573934,58.81949043892435,0.8200615478705862,
P[6]:-62.279414876359084,62.56102715518993,0.8200615478705862,
P[7]:-66.85521315773795,63.64809525518603,0.8200615478705862,
P[8]:-71.07657506762989,62.268602475178774,0.8200615478705862,
P[9]:-74.41414996546226,58.79707141609734,0.8200615478705862,
P[10]:-76.89166809216866,53.18473443519101,0.8200615478705862,
P[11]:-75.93101782345049,48.53879129709591,0.8200615478705862,
P[12]:-72.29057545562524,43.513647506977264,0.8200615478705862,
P[13]:-67.51246856473392,39.69621819203234,0.8200615478705862,
P[14]:-63.38099708086938,37.55018470514348,0.8200615478705862,
P[15]:-57.26288184717178,35.93217075904164,0.8200615478705862,
P[16]:-45.25243772579508,34.62045543261958,0.8200615478705862,
P[17]:-31.71636573620882,34.14045287979736,0.8200615478705862,
P[18]:-23.589202672333617,33.738597795935846,0.8200615478705862,
P[19]:-17.1230368656749,32.72731589326448,0.8200615478705862,
P[20]:-12.900911721592818,31.10925595780787,0.8200615478705862,
P[21]:-9.392747985894136,28.53350386731617,0.8200615478705862,
P[22]:-7.446001182750527,26.536192212142858,0.8200615478705862,
P[23]:-6.542098484343123,24.918274634416573,0.8200615478705862,
P[24]:-8.300730306658785,23.18945013112321,0.8200615478705862,
P[25]:-10.17942735690036,21.392486195385807,0.8200615478705862,
P[26]:-11.161246827022273,22.6249829770282,0.8200615478705862,
P[27]:-14.545390532548861,23.73214110291036,0.8200615478705862,
P[28]:-17.78330580635517,21.87295104246674,0.8200615478705862,
P[29]:-16.98949431987362,17.61143674661844,0.8200615478705862,
P[30]:-12.93687778362573,16.128262653455554,0.8200615478705862,
P[31]:-8.34112707241678,18.029232265819253,0.8200615478705862,
P[32]:-5.792539122198999,21.64270905711174,0.8200615478705862,
P[33]:-4.9360534371073435,25.465559797886677,0.8200615478705862,
P[34]:-6.08493040955682,28.765224095443365,0.8200615478705862,
P[35]:-10.137612561721145,33.21432166418824,0.8200615478705862,
P[36]:-14.096703566868822,35.72120348478823,0.8200615478705862,
P[37]:-19.308398048524637,37.789269321614135,0.8200615478705862,
P[38]:-26.42938955929696,38.91686158528835,0.8200615478705862,
P[39]:-40.17534584854158,40.05004694045049,0.8200615478705862,
P[40]:-52.41266444158144,41.485878643263995,0.8200615478705862,
P[41]:-59.93336868489211,42.48863920903876,0.8200615478705862,
P[42]:-65.23717003382261,44.20044318128415,0.8200615478705862,
P[43]:-68.55885440119735,45.80840066360443,0.8200615478705862,
P[44]:-71.44182927874336,47.667710548398595,0.8200615478705862,
P[45]:-74.15767517788092,49.86127839000971,0.8200615478705862,
P[46]:-75.30668690443912,51.65791490790071,0.8200615478705862,
P[47]:-73.15335963889946,54.56410705229684,0.8200615478705862,
P[48]:-70.59998608167194,57.079723650731914,0.8200615478703389,
End
BeginGraphicBSplineCurve:25
Name:border1
p:2
knot:2.0,2.0,2.0,3.0,4.0,5.0,6.0,7.0,8.0,9.0,10.0,11.0,12.0,13.0,14.0,15.0,16.0,17.0,18.0,19.0,20.0,20.0,20.0,
P[0]:-194.4222459482028,-4.569145297529431,0.0,
P[1]:-193.6607217319479,-53.81437794867996,0.0,
P[2]:-169.01215712363975,-87.47712499860901,0.0,
P[3]:-137.94551460076926,-98.1051869143279,0.0,
P[4]:-110.96658819932912,-97.69641530218486,0.0,
P[5]:-90.93677920432049,-91.56484112003939,0.0,
P[6]:-76.22100116717132,-86.65958177432296,0.0,
P[7]:-56.64492183995764,-69.54484816134091,0.0,
P[8]:-46.57524054299729,-58.845811783320514,0.0,
P[9]:-22.552239079560128,-50.244803953373804,0.0,
P[10]:3.8815728454438343,-48.77625884642914,0.0,
P[11]:24.860788658939057,-54.440647116072846,0.0,
P[12]:30.10559261231286,-62.20295696706607,0.0,
P[13]:44.05732217389339,-71.2245965320794,0.0,
P[14]:76.25081016217992,-77.25783469503321,0.0,
P[15]:97.91570560576068,-76.44029147074716,0.0,
P[16]:117.53674298862623,-70.71748890074467,0.0,
P[17]:134.19202534828284,-57.363454258692066,0.0,
P[18]:146.8830550515333,-32.74285663438618,0.0,
P[19]:148.40597861592335,-3.8073089109751366,0.0,
End
BeginGraphicBSplineCurve:25
Name:border2
p:2
knot:2.0,2.0,2.0,3.0,4.0,5.0,6.0,7.0,8.0,9.0,10.0,11.0,12.0,13.0,14.0,15.0,16.0,17.0,18.0,19.0,20.0,20.0,20.0,
P[0]:148.40597861592335,-3.8073089109751366,0.0,
P[1]:147.8983374277933,24.11295643617587,0.0,
P[2]:133.4305635660878,53.80996594178193,0.0,
P[3]:109.57142772397695,69.80066336787752,0.0,
P[4]:81.15606950789633,73.5788901857459,0.0,
P[5]:62.35257534931681,69.89994567645861,0.0,
P[6]:50.347071910433016,66.54956003770138,0.0,
P[7]:31.460908256932385,54.16863053151764,0.0,
P[8]:20.75874885328203,46.19447254448404,0.0,
P[9]:-3.5834176334521075,43.25662486505061,0.0,
P[10]:-34.97240392261675,47.454178316974726,0.0,
P[11]:-53.03816544342951,56.26865524436847,0.0,
P[12]:-56.60573013574001,59.836219936678965,0.0,
P[13]:-75.81222955502828,78.48414953146231,0.0,
P[14]:-107.69641530218485,85.8420385500369,0.0,
P[15]:-125.6823662364783,89.92975467146725,0.0,
P[16]:-151.8437494136324,86.25081016217992,0.0,
P[17]:-176.7788177543574,66.22100116717132,0.0,
P[18]:-191.37614908318318,32.237858488124324,0.0,
P[19]:-194.16840454278451,-4.822986702947733,0.0,
End
BeginGraphicBSplineCurve:9
Name:border 3
p:2
knot:2.0,2.0,2.0,3.0,4.0,4.0,4.0,
P[0]:-194.02571257011482,31.960217780429232,-10.0,
P[1]:-187.5115280543585,21.1710996762079,-10.0,
P[2]:-187.91866458659328,-30.942376449842314,-10.0,
P[3]:-195.2471221668191,-40.71365322347672,-10.0,
End
BeginGraphicBSplineCurve:9
Name:border 4
p:2
knot:2.0,2.0,2.0,3.0,4.0,4.0,4.0,
P[0]:145.32258704756373,-43.563608949120095,-10.0,
P[1]:134.1263324111076,-32.16378604654661,-10.0,
P[2]:135.34774200781192,23.6139188696165,-10.0,
P[3]:147.15470144262017,33.38519564325092,-10.0,
End
BeginGraphicBSplineCurve:8
Name:bass bar
p:2
knot:2.0,2.0,2.0,3.0,3.0,3.0,
P[0]:-206.4133215101999,14.286363541278753,-10.0,
P[1]:-17.734796120208102,9.36003128566539,-10.0,
P[2]:156.65736572850494,5.911598706736036,-10.0,
End
